Microcode Word	              Activation Line
01100100101000110001101001111 00?.00???0??.00
01011011000000000110000000100 
00000000000000000000000000000 
00000000000000000000000000000 
01100100101010110001010001101 00?.00???10?.00
11000010010000000000000000000 
00000000000000000011101001111 
01011011000000000100000000000 
00011110100000000000000011001 00?.000??111.00
00011100100000000001100011101 
01011000110000000000000000000 
11001011010000001010000000000 
00011100100000000001100010101 00?.000??110.00
01101110011011010000000010101 
01011000110000000010000000000 
00000000000000000000000000000 
00111010100000000001101011101 00?.00100111.00
01010100110000000011111111111 
01011101111011000100000000000 
00000000000000000000000000000 
00111010100000000001101011101 00?.00101111.00
01010100110000000011111010111 
01011101111011000100000000000 
00000000000000000000000000000 
00111010100000000001101010101 00?.00110111.00
01010100110000000001111111111 
01011101111011000101100111101 
01111100100000000001011101010 
01011011110000000000000000000 00?.0011?111.01
00000000000000000010000000000 
00000000000000000000000000000 
00000000000000000000000000000 
00111010100000000001101010101 00?.00111111.00
01010100110000000001111010111 
01011101111011000101100110101 
01111100100000000001011101010 
01100100100000000011101001101 00?.0100????.00
01011011000000000100000000000 
00000000000000000000000000000 
00000000000000000000000000000 
00011100100000000001100010101 00?.01010???.00
01011000111011010010000010101 
01100110010000000000000000000 
00000000000000000000000000000 
00011110100000000000000011001 00?.01011???.00
00011100100000000001100011101 
01011000110000000000000000000 
11001011000000001010000000000 
00000000000000000010000000000 00?.0110011?.00
00000000000000000000000000000 
00000000000000000000000000000 
00000000000000000000000000000 
11000010100000000001111111111 00?.0111????.00
00000000000000000001000001011 
00000000000000000010000000000 
00000000000000000000000000000 
11011100110000000000011100000 00?.0111????.01
01011110110000000010011000000 
00000000000000000000000000000 
00000000000000000000000000000 
11000010100000000001010001101 00?.100000??.00
11000010000000000000000000000 
10010100110000000001101001111 
01100100100000000000000000000 
01011011000000000110000000100 00?.100000??.01
00000000000000000000000000000 
00000000000000000000000000000 
00000000000000000000000000000 
01100100111000100011111011111 00?.1000010?.00
01011110000000000100000000000 
00000000000000000000000000000 
00000000000000000000000000000 
01100100111000100000000000000 00?.1000011?.00
10011011010000000010000000100 
10010011000000000000000000000 
00000000000000000000000000000 
01101100110000000000000000000 00?.100010??.00
10011011000000000010000000100 
00000000000000000000000000000 
00000000000000000000000000000 
01101011000000000010000000100 00?.100011?0.00
00000000000000000000000000000 
00000000000000000000000000000 
00000000000000000000000000000 
00000000000000000010000000000 00?.10001101.00
01011011010000000000000000000 
00000000000000000000000000000 
00000000000000000000000000000 
01011100110000000001100011101 00?.10001111.00
00011110100011100000000011001 
01011000110000001001100000111 
01011110100000000010000000100 
01100100100111110000000000000 00?.10010???.00
10011011000000000010000000000 
10010001110000000000000000000 
00000000000000000000000000000 
00111010100000000010000000000 00?.10011000.00
10010001110000000000000000000 
00000000000000000000000000000 
00000000000000000000000000000 
10110001010111100000000000000 00?.10011001.00
00000000000000000001001001100 
01010001010000000000000000000 
00000000000000000010000000000 
11000010110000000000000000000 00?.10011010.00
11000010010000000000000000000 
11000010100000000000000000000 
11000010000000000000000110010 
00000000000000000001000101100 00?.10011011.00
00000000000000000010010100000 
00000000000000000000000000000 
00000000000000000001000011010 
00000000000000000001001111111 00?.10011011.01
00000000000000000000011100000 
11011100100000000001100110101 
01011110110000000010011000000 
00011100100000000001100010101 00?.10011100.00
10000110011011010010000010101 
01011000110000000000000000000 
00000000000000000000000000000 
00011110100000000000000011001 00?.10011101.00
00011100100000000001100011101 
11001100000000001010000000000 
01011000110000000000000000000 
01111010110000000000000000000 00?.10011110.00
10000010010000000010000000000 
10011100000000000000000000000 
00000000000000000000000000000 
10000011110000000010000000000 00?.10011111.00
00000000000000000000000000000 
00000000000000000000000000000 
00000000000000000000000000000 
11000010100000000000000000000 00?.1010000?.00
11000010000000000000000000000 
10010110100000000000000011000 
11001011000000001010000000000 
11000010100000000000000000000 00?.1010001?.00
11000010000000000000000000000 
10010110100000000010000010100 
01100110010000000000000000000 
10111100010001100001111111011 000.1010010?.00
00001110100000000000000011000 
01011000010000100001111111011 
00000110100000000010000010111 
10000110010000001000000000000 111.00011000.10
01011100101011010000110010101 
11110110011011011001010100011 
00000000000000000000110100000 
00110011100110100001100000101 001.1010010?.00
01011110000000000001111111011 
10111100010000000001011011000 
00001110100000100000000011000 
01011000000000000000000000000 00?.1010010?.01
10010110100001100000000010111 
01011000010000000001000111100 
01110001100000000000000110111 
10111100010001100001111111011 000.1010011?.00
00001110100000000000000011000 
01011000010000100000000000000 
00000110101011110000000011011 
11001100100000001000000000000 000.1010011?.01
10011000000000000001111010111 
11001100110000001010000000000 
01011110000000000100000000000 
00110011100110100001100000101 001.1010?11?.00
10111100011011000001111111011 
00000000000000000001011010100 
00000110100000100000000011011 
01011000000001100000000000000 001.1010011?.01
00001110101011100000000011000 
11001100110000001000000000000 
10010000010000000001111010111 
11001100100000001000000000000 001.1010011?.10
01011110000000000101111111011 
00000000000000000001000111100 
01110001100000000000000110111 
10010100010000000001010000000 111.00110000.11
10010001010000000000000000000 
10011001110000000000000111011 
10010011110000000000000000000 
00111100101010110001010001101 00?.1010100?.00
11000010010000000000000000000 
00000000000000000011111011111 
01011110000000000100000000000 
10111100010000100001111111011 000.1010101?.00
00000110100000000000000010111 
01100110010000000010000000000 
01011000000000000000000000000 
00110011100110100001100000101 001.1010101?.00
10111100011011000001111111011 
01100110010000000001011011010 
00000110100000100000000010111 
01011000000000000001000111100 001.1010101?.01
01110001100000000000000110111 
00000000000000000000000000000 
00000000000000000000000000000 
10111100010001100001111111011 000.1010110?.00
00001110100000000000000011000 
01011000010000000000000000000 
11001011000000001010000000000 
00110011100110100001100000101 001.1010110?.00
10111100011011000001111111011 
00000000000000000001011011000 
00001110100001100000000011000 
01011000010000000000000000000 001.1010110?.01
11001011000000001000000000000 
00000000000000000001000111100 
01110001100000000000000110111 
10111100010000100001111111011 000.1010111?.00
00000110100000000000000011011 
01011000000000000001111010111 
01100100100000000000000000000 
11001100110000001000000000000 000.1010111?.01
01011110000000000110000000000 
00000000000000000000000000000 
00000000000000000000000000000 
01011000000000000001111010111 001.1010111?.01
01100100100000000000000000000 
11001100110000001000000000000 
01011110000000000101111111011 
00000000000000000001000111100 001.1010111?.10
00000000000000000000000000000 
00000000000000000000000000000 
01110001100000000000000110111 
11000010100000000001010001101 00?.1011????.00
11000010000000000000000000000 
10010011000000000010000000000 
00000000000000000000000000000 
11000010100000000000000000000 00?.1100?010.00
11000010000000000001100011111 
00011110100011110000011111001 
00000000000000000000000000000 
01011100110000000001111111111 00?.11000010.01
01011000110000000000000000000 
11001110110000001010011000000 
00000000000000000000000000000 
01011110101011110000000011001 00?.11001010.01
01011100110000000000000101111 
00000000000000000000000000000 
00000000000000000000000000000 
00011110100011110000011111001 00?.11000011.00
00000000000000000001100011111 
01011000110000000000000000000 
11001110110000001010011000000 
00011110100011110000011111001 00?.11001011.00
10110100100000000001100011111 
01011110101011110000000011001 
01011100110000000000000101111 
11001011011011101001100011101 00?.11000100.00
01011110100000000000000011000 
11001111110000001010000000000 
00000000000000000000000000000 
11001011011011101001100011101 00?.11000101.00
01011110100000000000000011000 
11001111000000001010000000000 
00000000000000000000000000000 
11000010100000000001010001101 00?.1100011?.00
11000010000000000000000000000 
10010011000000000010000000100 
00000000000000000000000000000 
01000010101111000000011100000 00?.11001100.00
00000000000000000000000111101 
00000000000000000000000000000 
00000000000000000000000000000 
11000010100000000000000111101 00?.11001101.00
00000000000000000000000000000 
00000000000000000000000000000 
00000000000000000000000000000 
01000010101110110001001011100 00?.11001110.00
00000000000000000010000000000 
00000000000000000000000000000 
00000000000000000000000111101 
00011110100011110000011111001 00?.11001111.00
00000000000000000000000111110 
00000000000000000000000000000 
00000000000000000000000000000 
01000011101111100000000000000 00?.1101000?.00
01100100100000000001100000101 
01011100100000000101101001100 
01011011000000000010000000100 
01100100100000000001100000111 00?.1101001?.00
00110010110000000000000000000 
10011011101011000001100000101 
00000000000000000000000110110 
11000100010111110000000000000 00?.11010100.00
10110100100000000000000000000 
01000011101101110001111010011 
01011100100000000001101101010 
01011110001011100001101101011 00?.11010100.01
10011011110000000011100000101 
01011101110000000100000000000 
00000000000000000000000000000 
01111100111010100000000000000 00?.11010101.00
01111100100000000001111111101 
01011100100000000000000000000 
01011100100000000001111111111 
01011100100000000001111111101 00?.11010101.01
01011100100000000000000000000 
10110011110111110011111111111 
01011101110000000100000000000 
00111010110100100000000000000 00?.11010111.00
01011110100000000000000011000 
11001101110000001010000000000 
00000000000000000000000000000 
00000000000000000010000000000 00?.11011???.00
00000000000000000000000000000 
00000000000000000000000000000 
00000000000000000000000000000 
00110011100000000000000000000 00?.1110000?.00
00000000000000000000000000000 
11000010110000000001000111011 
00000000000000000010000000000 
01110001100000000000000000000 00?.111000??.01
10011010100000000000011100000 
11011100110000000001111111111 
01011110110000000010011000000 
11000010110110100001100110101 00?.11100010.00
01011001100000000000000000000 
00110011100000000001011001010 
00000000000000000010000000000 
11000010110110100001100000101 00?.11100011.00
01011110000000000000000000000 
00000000000000000001011011010 
00110011100000000010000000000 
11000010110000000000000000000 00?.1110010?.00
10011110100000000000000011010 
11001011000000001010000000000 
00000000000000000000000000000 
11000010110000000001100000111 00?.1110011?.00
01100110011011010010000010110 
00000000000000000000000000000 
00000000000000000000000000000 
11000010110011100001100010101 00?.11101000.00
11000010010000000000000000000 
01011000111011010000011100000 
11011100100000000001111111111 
01011110110000000000011000000 00?.11101000.01
10010110010000000010000010101 
00000000000000000000000000000 
00000000000000000000000000000 
11000010100000000001111111111 00?.11101001.00
11000010000000000001001111101 
11011100110000000000011100000 
01011110110000000010011000000 
11000010100000000001111111111 00?.11101011.00
00000000000000000000011100000 
11011100110000000000000000000 
01011110110000000010011000000 
11000010100000000000000000000 00?.11101010.00
11000010000000000000000000000 
11000010110000000000000000000 
11000010010000000000000000000 
10011111100000000000011100000 00?.11101010.01
10010110110000000010011000000 
00000000000000000000000000000 
00000000000000000000000000000 
00101110100000000000000011010 00?.1110110?.00
11001011000000001010000000000 
00000000000000000000000000000 
00000000000000000000000000000 
00101110100000000010000010110 00?.1110111?.00
01100110010000000000000000000 
00000000000000000000000000000 
00000000000000000000000000000 
11000010100000000001010001101 010.??00????.00
11000010000000000000000000000 
01100100110000000011111011111 
01011110000000000100000000000 
01100100100000000001101001101 010.??011???.00
01011011000000000110000000100 
00000000000000000000000000000 
00000000000000000000000000000 
01100100100000000001101001101 010.??010???.00
01011011000000000010000000100 
00000000000000000000000000000 
00000000000000000000000000000 
01100100011001100001100000011 010.??100???.00
00111100110000000000000000000 
01000011101101110001010001011 
01000011101011110000000000000 
01011100100000000001101100010 010.??100???.01
00000000000000000001100000101 
10011001110000000001010000111 
10010001011011000000000111010 
10010011111011000000000111010 010.??100???.10
00000000000000000000000000000 
00000000000000000000000000000 
00000000000000000000000000000 
01100100110111100001100001101 010.??101???.00
00000000000000000000000111001 
00000000000000000000000000000 
00000000000000000000000000000 
01100100010111110001111010011 010.??110???.00
00101100100000000001010001011 
01000011101011110000000000000 
01011110000000000101001111000 
01111100100000000000000000000 010.??110???.01
01000011101101110000000000000 
01011110000000000100000000000 
00000000000000000001011100010 
01011100100000000001101101010 010.??110???.10
01011110001011100001101101011 
10011001110000000001010000001 
10010001010000000010000000000 
00000000000000000000000000000 010.??110???.11
10110010100000000000000111101 
10010011110000000010000000000 
00000000000000000000000000000 
01100100100000000001100001101 010.??111???.00
01000011101101110000100000000 
01011100010000000001100000101 
00101100101011110001010001010 
01000011101011110001001111001 010.??111???.01
01111100100000000000000000000 
00000000000000000000001100000 
00000000000000000000000110000 
00111100110000000001100100111 111.01111000.00
10010110010000000001001001001 
01011100110000000101100100101 
00000000000000000001011101010 
00000000000000000001100101101 111.01111000.01
01011100100000000000000000000 
00000000000000000001111010011 
01011110000000000100000101101 
00000000000000000001011111101 111.10010000.00
10110010100000000000000111101 
01011100100000000001101101010 
01011110001011100001101101011 
10010100010000000001100000111 111.10010000.01
11001100101011000101100100111 
00000000000000000001010011110 
00000000000000000001001100110 
01011100110000000000000000000 111.10010000.10
00000000000000000001100100011 
00000000000000000001001000011 
01011100010000000000000000000 
10011001110000000001010000000 111.10010000.11
10001001010000000010000000000 
00000000000000000000000000000 
10001011110000000010000000000 
01100100100000000001101001101 011.??00????.00
01011011000000000110000000100 
00000000000000000000000000000 
00000000000000000000000000000 
11011100110011100001100010101 011.??010???.00
01100110111011010000011000000 
01011000110000000000000010101 
10011110010000000010000000000 
01011100100000000000011100000 011.??011???.00
11001100110000001001100011101 
01011110100000000000000011000 
11001100100000001000000110010 
01100110110000000010011000000 011.??100???.00
00000000000000000000000000000 
00000000000000000000000000000 
00000000000000000000000000000 
11001100101011111001100011111 011.??101???.00
01011110100000000000011111000 
11001111100000001000000000000 
10010110110000000010011000000 
00011100100000000001100010101 011.??11????.00
01011000110000000000000000000 
01100110011011010010000010101 
00000000000000000000000000000 
10110111001001100001100000111 111.00000011.00
10110100000000000000011100000 
01010111100000000000000000000 
10110110110000000000011000000 
10110111110000000010110000000 111.00000011.01
10110111010000000000000000000 
00000000000000000000000000000 
00000000000000000000000000000 
01000010101111100000011100000 111.00000000.00
00000000000000000000000111101 
01000010101111010000011100000 
00000000000000000000000111101 
00111100010000000000011101010 111.00000010.00
11001001110000001000000000000 
01111010100000000000000000000 
10001001110000000000000111101 
10110110100000000000011101010 111.00000010.00
11001100100000001000000000000 
10110110100000000000000001010 
11001100100000001000000111101 
00000000000000000001100011111 111.00001000.00
01011110101011110000011111001 
11001110110000001000000000000 
01011110101011110000000011001 
11001111100000001000011000000 111.00001000.01
01011000110000000000000000000 
11001100000000001010000000000 
00000000000000000000000000000 
10110010000000000001111111101 111.0001?000.00
01011100100000000000011110010 
01011110100000000000000011010 
01011100100000000001100011101 
01011110100000000000000011010 111.0001?000.01
11001100010000001000000000000 
00011100100000000001100010101 
11001100110000001000000000000 
10000110010000001000000000000 111.00010000.10
01011100101011010000111010101 
11110110011011011000110000000 
00000000000000000000000000000 
00000000000000000000000000000 111.0001?000.11
10011111101011100000000010101 
11011110011011011000000000000 
10001110110000000000000010101 
01011000110000000010011000000 111.0001?001.00
00000000000000000000000000000 
00000000000000000000000000000 
00000000000000000000000000000 
10011001110000000010000000000 100.0011?100.10
00000000000000000000000000000 
00000000000000000000000000000 
00000000000000000000000000000 
10011100100000000001111111101 111.00100000.00
01011110001001100101111101011 
01011110000000000000000111010 
00000000000000000000000000000 
00000000000000000000100100000 111.00101000.00
00000000000000000001011011100 
00000000000000000000100000000 
00000000000000000010000000000 
10011100101011110000001100000 111.0011?000.00
00000000000000000000000000000 
01011100011001100001100000011 
01000011101101110001010111010 
01000011101011110000000000000 111.0011?000.01
01011100100000000001101100010 
10010100010000000001001100011 
00000000000000000001100100111 
01011100110000000101100100101 111.0011?000.10
00000000000000000001011100100 
00000000000000000001100101101 
01011100011011100000000000000 
10011101110000000000000111011 111.00110001.00
00000000000000000000000000000 
00000000000000000000000000000 
00000000000000000000000000000 
10011011010000000000000111011 111.00111000.11
00000000000000000000000000000 
00000000000000000000000000000 
00000000000000000000000000000 
00110100100000000001100000101 111.01000000.00
11011100101011000001111010111 
00000000000000000001011011011 
00000000000000000001000011010 
00000000000000000010000000000 111.01000000.01
10101100110000000000000000000 
01011100100000000001100110101 
01011110110000000010011000000 
00000000000000000001011011100 111.01001000.00
01011100100000000101101001100 
01011011000000000000000000100 
00000000000000000010000000000 
10010100010011100000011100000 111.01101000.00
11110110010000001001100010101 
01011110100000000000000010101 
11011110011011101000000000000 
10001111101011010000000010101 111.01101000.01
10011110110000000010011000000 
01011000110000000000000000000 
00000000000000000000000000000 
11001100010000001001111111111 111.10000000.00
01011000110000000000000000000 
11001111100000001000000000000 
10001110110000000010011000000 
00011100100000000001100010101 00?.01100000.00
00111110011011011000000000000 
01011100100000000000000010101 
00110110010000001000000110100 
01011100101011010000000010101 111.01011000.00
00101110010000001000000000000 
01011100101011010000000010101 
00100110010000001000000000000 
01011100101011010000000010101 111.01011000.01
00011110010000001000000000000 
01011100101011010000000010101 
00010110010000001000000000000 
01011100101011010000000010101 111.01011000.10
00001110010000001000000000000 
01011100101011010000000010101 
00000110010000001000000000000 
01011000111011010010000010101 111.01011000.11
00000000000000000000000000000 
00000000000000000000000000000 
00000000000000000000000000000 
00011110100011100000000011001 00?.01100001.00
00000000000000000001100011101 
01011100101011010000000011001 
11001000000000001000000110011 
01011100101011010000000011001 111.01100000.00
01011100100000000000000000000 
11001000010000001000000000000 
01011100101011010000000011001 
11001000100000001000000000000 111.01100000.01
01011100101011010000000011001 
11001001000000001000000000000 
01011100101011010000000011001 
11001001010000001000000000000 111.01100000.10
01011100101011010000000011001 
11001001100000001000000000000 
01011000110000000000000000000 
11001001110000001010000000000 111.01100000.11
00000000000000000000000000000 
00000000000000000000000000000 
00000000000000000000000000000 
11000010110011100001100010101 00?.11001000.00
11000010011011010000000000000 
00000000000000000000000010101 
00010110010000001000000110101 
01011000111010100000000000000 111.01010000.00
10110010000000000001100000101 
01011110000000000001100110101 
00011100010000000001011010001 
01011110000000000001100110101 111.01010000.01
01011011100000000001011010100 
00010100100000000001100010101 
01011000101011010000000011001 
00011100100000000000000000000 111.01010000.10
01011000111011010000000010101 
00000000000000000001010101001 
00011100100000000001100010101 
01011000111011010000000010101 111.01010000.11
10001110010000001000000000000 
10001000100011100011111010111 
01011000110000000000000000000 
00010110100010100000000011001 00?.11001001.00
01000100111111010001111111111 
01011000110000000000000000000 
11001000100000001010000000000 
11001100011011111001100011111 00?.01100010.00
10000011101011010000000011000 
01101100100000000001111010011 
01011110000000000100000000000 
01110100001000110001010010101 00?.01100010.01
11001100100000001001111010111 
01011110000000000100000000000 
01110100000000000001010010100 
00000000000000000010000000000 00?.01100010.10
00000000000000000000000000000 
11001100110000001000000000000 
01000010101110100000000111101 
11000100110011100001100010101 00?.01101010.00
01011000111011010000000010101 
10011010100000000010000000000 
10010110010000000000000000000 
11000010110011100001100010101 00?.01101000.00
11000010010000000000000000000 
10011110011011010000000010101 
01011000110000000010000000000 
11000010110000000001100000111 00?.1100000?.00
01100100100000000000000000000 
10011011101011000001100000101 
00000000000000000000000110110 
11000010100000000001010001101 00?.011010?1.00
11000010000000000000000000000 
01100100110000000001100001101 
00000000000000000000000111000 
00101110100000000000000011010 000.0110110?.00
10111100110000100000000000000 
00000110100000000010000010111 
01011000000000000000000000000 
00110011100110100001100000101 001.0110110?.00
01011110000000000001111111011 
10111100010000000001011011000 
00101110100000000000000011010 
00000000000000000000000000000 001.0110110?.01
00000110100000100000000010111 
01011000000000000001000111100 
01110001100000000000000110111 
00001110100000000000000011000 000.0110111?.00
10111100110001100000000000000 
00101110100000000010000010110 
01011000010000000000000000000 
00110011100110100001100000101 001.0110111?.00
01011110000000000001111111011 
10111100010000000001011011000 
00001110100001100000000011000 
01011000010000000000000000000 001.0110111?.01
00101110100000000000000010110 
00000000000000000001000111100 
01110001100000000000000110111 
01100100100110110001101000111 100.0001000?.00
01010100110000000001111011111 
01011110000000000110000000000 
00000000000000000000000000000 
01100100101010110001101000111 100.0001100?.00
01010100110000000001111011111 
01011110000000000110000000000 
00000000000000000000000000000 
01100100100110110001101000111 100.0001010?.00
01010100110000000001111110111 
01011011000000000010000000100 
00000000000000000000000000000 
01100100101010110001101000111 100.0001110?.00
01010100110000000001111110111 
01011011000000000010000000100 
00000000000000000000000000000 
01100100100110110001101000111 100.0001001?.00
01010100110000000001100101111 
01011100110000000001111011111 
01011011000000000010000000100 
01100100101010110001101000111 100.0001101?.00
01010100110000000001100101111 
01011100110000000001111011111 
01011011000000000010000000100 
01100100100110110001101000111 100.0001011?.00
01010100110000000001111001111 
01011011000000000010000000100 
00000000000000000000000000000 
01100100101010110001101000111 100.0001111?.00
01010100110000000001111001111 
01011011000000000010000000100 
00000000000000000000000000000 
00110010110000000001100111111 100.00100??0.00
01011100100000000001110010101 
01011011100000000000101100000 
00001110100001110000000011000 
00000000000000000001100111111 100.00100??0.01
01011000010000000000000000000 
11001100010000001000000000000 
00000110100000000000000011011 
11001100100000001001111101011 100.00100000.10
01011100100000000101101011101 
01010100110000000001111111111 
00000110101011000100000010111 
00000000000000000000001000000 100.00100??0.11
01011110010000110001100111111 
01011000001111100001010101100 
00110010110000000001111111101 
00000000000000000001011111100 100.00100??1.00
01000100101111100001001101100 
10110100100000000000000000000 
01011110000000000101100111111 
01011100100000000001110010101 100.00100??1.01
00000100101011110001111010111 
01011000000001100010000000000 
01011000010000000000000000000 
11001100100000001001111100011 100.00100010.10
01011100100000000101101011101 
01010100110000000001111010111 
00000110101011000100000010111 
11001100100000001001111100011 100.00100110.10
01011100100000000101101011101 
01010100110000000001111010111 
00000110101011000100000000000 
01000011101110110000000000000 100.00101000.00
01100010100000000000000000000 
01111010000000000001100000101 
01011100100000000001101111100 
10010011000000000001100000101 100.001010?0.01
00111100110000000000000000100 
10010001110000000000000000000 
01111100100000000000000000000 
10011010000000000010000000000 100.001010?0.10
10010001110000000000000000000 
00000000000000000000000000000 
00000000000000000000000000000 
01000011101101110000000000000 100.00101010.00
01100010100000000000000000000 
01111010000000000001100000101 
01011100100000000001101111100 
01000100011100000001100000011 100.00110011.00
01101010111011100001111010111 
01011001110000000001100000111 
00000000000000000000000000000 
00001110101011100000000011000 100.0011?011.01
01100010110000000001111111111 
10001100101011110001111011111 
01011011100000000001111010111 
00001100101011000101100011101 100.0011?011.10
11001100010000001001011010100 
00000000000000000001011100001 
01011000011011010001011010001 
10001100110000000000000011000 100.0011?011.11
11001100010000001000000000000 
01110100100000000001100111101 
01011011101011100001101010101 
01011110000000000001100000011 100.0011?100.00
10010011001011100000000000000 
10110100010000000001100000101 
01011100100000000001101100010 
00111100100000000001100000101 100.0011?100.01
01011011100000000000000000000 
10110100100000000001011010111 
01011100100000000001101100010 
01000100011100000001100000011 100.00111011.00
11000010111011100000000000000 
00000000000000000001111010111 
01011001110000000001100000111 
01100010110000000001100000111 100.0011?001.00
10011011101011000000000000000 
10110100010000000001011011001 
00000110100000000000000011011 
11001100100000001001100000101 100.00110001.01
01011100100000000001101100010 
10011110010000000000000000000 
01101010110000000001100111111 
01100010111011100001111111111 100.0011?001.10
01011100010000000000000000000 
10010011100000000000000000000 
01000100101100000001111011011 
01100010110000000000000000000 100.0011?001.11
01011011000000000001111010011 
00111100101011000100000110001 
00000000000000000000000000000 
00000110100000000001011100001 111.01110000.00
01000100101011110001111010111 
01011011100000000000000000000 
11001100110000000000000000000 
10110100010111100001100000101 111.01110000.01
01011100100000000001101100010 
00000100010000000001100000011 
00000110100000000000000010111 
10011110010000000000000000000 111.01110000.10
01100010110000000001100011011 
01011000000000000001100000111 
10011011101011000000000000000 
10110100010000000001011000001 111.01110000.11
01011011000000000010000000000 
00000000000000000000000000000 
00000110100000000000000011011 
11001100110000000001100000101 111.01110001.00
01011100100000000001101100010 
10011100010000000000000000000 
01100010110000000000000000000 
10011011100000000000000000000 111.01110001.01
11001100100000001001100000101 
01011100100000000001110010100 
10011011100000000001100000011 
00000110101011110000000000000 111.01110001.10
10110100010000000000000000000 
01011100100000000001101101010 
10010110010000000010000010111 
11001100100000001001100000101 100.00111001.01
01011100100000000001101100010 
10011110010000000000000000000 
11000010110000000001100111111 
11000010100000000000000000000 100.11111111.00
01000011101111100000000111100 
00000000000000000000000000000 
00000000000000000000000000000 
00000000000000000010000000000 110.00000000.00
00000000000000000000000000000 
00000000000000000000000000000 
00000000000000000000000000000 
01100100110000000000000000000 110.01??????.00
00100110100000000000000000000 
10011011010000000010000000100 
11011110000000000000000000000 
11000010110000000000000000000 110.00???110.00
00100110100000000000000000000 
10011011010000000010000000100 
11011110000000000000000000000 
11000010110000000000000000000 110.00??0001.00
11000010010000000000000000000 
10011011010000000010000000000 
00000000000000000000000000000 
11000010110000000000000000000 110.00111010.00
11000010010000000000000000000 
10011110100000000000000011000 
11001101110000001010000000000 
11000010110000000001100000111 110.00110010.00
11000010010000000000000000000 
00111110011011010010000010100 
11011110000000000000000000000 
11000010110000000000000000000 110.00101010.00
11000010010000000000000000000 
10011110100000000000000011000 
11001001000000001010000000000 
11000010110000000001100000111 110.00100010.00
11000010010000000000000000000 
00100110011011010010000010100 
11011110000000000000000000000 
01101110100000000000000011000 110.000?1010.00
11001101110000001010000000000 
00000000000000000000000000000 
00000000000000000000000000000 
01101110100000000000000000000 110.000?0010.00
00111110010000000010000010100 
11011110000000000000000000000 
00000000000000000000000000000 
00010110100100110000000011000 110.11100011.00
11001001000010101001100000101 
10011110011011010010000010100 
11011110000000000000000000000 
00100100110000000000000000000 110.11101011.00
00101001000000000010000000000 
10011001010000000000000000000 
00000000000000000000000000000 
00100110110000000010011000000 110.11101001.00
00000000000000000000000000000 
00000000000000000000000000000 
00000000000000000000000000000 
00100000100000000010000000000 110.11111001.00
00000000000000000000000000000 
00000000000000000000000000000 
00000000000000000000000000000 
01101100100000000001100111101 110.00???100.00
00100110100000000000000000000 
01011011010000000110000000100 
11011110000000000000000000000 
01101100100000000001100110101 110.00???101.00
00100110100000000000000000000 
01011011010000000110000000100 
11011110000000000000000000000 
01101100100000000011100111101 110.00??0011.00
01011011010000000000000000000 
00000000000000000000000000000 
00000000000000000000000000000 
01101100100000000011100110101 110.00??1011.00
01011011010000000000000000000 
00000000000000000000000000000 
00000000000000000000000000000 
01100100110111100001101001111 110.10??????.00
00100110100000000010000000000 
01011101110000000100000000000 
00000000000000000000000000000 
11000010110111100001101001111 110.11???110.00
01011101110000000110000000000 
00000000000000000000000000000 
00000000000000000000000000000 
01101100110100100001111111111 110.00??1001.00
01011001000000000010000000000 
00000000000000000000000000000 
00000000000000000000000000000 
00111100110000000001101011111 110.00100111.00
01010100100000000011111111111 
01011101111011000100000000000 
00000000000000000000000000000 
00111100110000000011100101111 110.00101111.00
01011101110000000000000000000 
00000000000000000000000000000 
00000000000000000000000000000 
01000011101111100000000000000 110.000??111.00
00111100100000000001100000101 
01011100100000000101101001100 
01011101110000000010000000000 
11000010110000000000000000000 110.11000011.00
11000010010000000000000000000 
00000000000000000000000000000 
10011110110000000010011000000 
11000010110000000000000000000 110.11???010.00
11000010010000000000000000000 
00000000000000000001000001010 
00000000000000000010000000000 
00000000000000000000000000000 110.11???010.01
10011110110000000010011000000 
00000000000000000000000000000 
00000000000000000000000000000 
00010100100000000001100010101 110.11???111.00
01011000101011010000011100000 
11011110010000000000000010100 
01001110110000000010011000000 
11000010110010100001100010101 110.11001101.00
11000010010000000000000000000 
01011000101011010000011100000 
11011110010000000000000010100 
10011110110000000010011000000 110.11001101.01
00000000000000000000000000000 
00000000000000000000000000000 
00000000000000000000000000000 
11000010110010100001100010101 110.11???100.00
11000010010000000000000000000 
00000000000000000001000001010 
00000000000000000010000000000 
00000000000000000000000000000 110.11???100.01
01011000101011010000011100000 
11011110010000000000000010100 
10011110110000000010011000000 
00010110100000000000011111000 110.11001001.00
00010100110000000001100011111 
01011000100000000000000000000 
11001110110000001010011000000 
00000000000000000000000000000 110.11???000.00
00000000000000000001000001011 
00000000000000000010000000000 
00000000000000000000000000000 
00010110100000000000011111000 110.11???000.01
00010100110000000001100011111 
01011000100000000000000000000 
11001110110000001010011000000 
00010100100000000001100010101 110.110?0101.00
01011000101011010000000000000 
01101110010000000010000010100 
11011110000000000000000000000 
00010100100000000001100010101 110.11100101.00
01011000101011010000000000000 
01101110010000000010000010100 
11011110000000000000000000000 
10000010110010100001100010101 110.11110101.00
01111010011011010000000000000 
10011110010000000010000010100 
01011000100000000000000000000 
00010110100010110000000011000 110.110?0001.00
00000000000000000001100011111 
01011000100000000000000000000 
11001011010000001010000000000 
00010110100010110000000011000 110.11100001.00
00000000000000000001100011111 
01011000100000000000000000000 
11001011010000001010000000000 
00010110100111100000000011000 110.11110001.00
11001001110000001000000000000 
01111100110000000000000000000 
10010010010111100001100000101 
10011001111011110000000000000 110.11110001.01
10000010010010100001100011101 
10011100000000000010000000000 
01011000100000000000000000000 
11000010110000000001100000111 110.11010011.00
00111110011011010010000010110 
11011110000000000000000000000 
11011110000000000000000000000 
11000010110000000000000000000 110.11011011.00
10011110100000000000000011010 
11001101110000001010000000000 
00000000000000000000000000000 
00011110100011110000011111001 101.11111101.00
00000000000000000000111100000 
00000000000000000000000111110 
00000000000000000000000000000 
11000010100000000000000000000 101.11101101.00
10110011100000000000000111100 
00000000000000000000000000000 
00000000000000000000000000000 
	
	
	
	
